5.6 52.8 5.5 43.4 7.3 2
4.2 15.4 3.1 75.6 10.0 3
2.0 35.9 2.8 92.7 8.4 3
6.6 49.9 7.4 73.4 5.7 2
2.7 0.8 2.2 93.0 9.3 3
5.8 57.3 7.3 3.6 1.5 1
7.0 60.3 6.1 71.3 5.8 2
6.2 65.1 6.9 50.6 6.0 2
4.3 22.5 1.4 89.4 7.5 3
7.3 93.5 6.7 11.2 2.4 1
5.6 71.0 6.9 56.8 7.0 2
8.7 76.7 6.2 20.8 1.1 1
3.6 72.4 7.8 45.3 3.8 2
3.4 37.0 2.0 88.8 8.5 3
3.4 7.7 2.8 93.0 8.3 3
2.2 41.4 2.6 78.2 9.2 3
5.1 63.7 6.3 58.4 6.5 2
6.9 64.3 6.2 28.0 1.9 1
5.2 64.1 8.3 41.2 6.1 2
6.3 57.7 9.4 0.7 3.0 1
5.6 85.4 8.3 15.6 3.0 1
7.8 81.3 9.1 11.2 1.1 1
8.3 73.1 6.9 23.4 2.5 1
7.6 55.1 5.0 41.0 6.0 2
6.3 34.0 6.2 66.4 5.7 2
3.2 56.2 2.6 83.6 8.4 3
1.7 33.0 3.3 81.6 8.1 3
7.6 59.5 6.8 44.7 6.7 2
8.2 93.6 9.1 4.1 2.5 1
2.6 23.7 2.4 87.0 8.2 3
7.2 69.2 8.6 17.4 2.1 1
7.1 36.7 6.5 47.6 6.1 2
2.3 40.0 2.5 83.4 8.4 3
5.2 48.6 4.9 37.9 5.1 2
5.5 49.6 6.5 59.1 3.8 2
5.8 60.8 6.1 70.2 6.3 2
2.3 41.4 2.6 83.3 9.8 3
5.3 59.5 8.0 51.0 5.2 2
2.1 12.7 3.8 91.4 8.1 3
2.1 23.2 3.1 85.5 7.7 3
7.8 46.0 7.5 10.3 2.4 1
8.8 87.3 9.2 17.9 3.0 1
5.4 44.3 6.0 57.5 6.2 2
6.9 61.2 6.8 65.9 6.9 2
2.2 33.5 2.6 86.1 8.0 3
6.6 86.3 8.9 5.5 2.6 1
5.1 67.4 7.3 54.7 5.4 2
2.4 42.5 2.7 77.3 8.1 3
5.4 45.2 5.4 47.9 5.3 2
2.1 5.8 3.9 89.7 8.8 3
5.0 61.8 5.5 49.8 5.4 2
3.7 1.3 2.2 90.6 8.8 3
7.8 90.2 9.2 23.3 1.7 1
6.2 60.3 5.6 62.0 3.9 2
3.7 33.7 2.1 77.4 9.8 3
8.6 86.0 6.7 10.9 2.6 1
3.7 10.3 1.9 87.4 8.7 3
9.3 83.9 6.7 9.9 1.2 1
2.3 15.7 2.0 77.4 9.6 3
8.0 69.5 7.3 13.2 1.9 1
3.9 13.9 2.4 85.2 9.3 3
7.5 85.3 7.9 29.7 2.1 1
2.8 32.4 4.4 72.3 7.7 3
6.0 48.5 5.8 56.0 6.5 2
8.6 81.7 6.4 27.1 3.0 1
1.5 6.7 1.4 91.1 9.1 3
6.4 46.7 5.6 82.0 5.4 2
7.3 81.6 9.7 19.2 1.8 1
4.1 6.0 1.5 84.9 8.2 3
8.8 68.4 6.7 11.8 1.2 1
7.1 77.4 8.0 24.4 2.1 1
2.8 22.0 1.1 85.7 9.7 3
6.5 56.2 6.8 48.6 6.8 2
8.7 71.4 9.7 40.9 3.1 1
1.7 26.7 1.7 76.3 9.1 3
6.0 60.4 6.3 53.2 7.5 2
7.5 56.2 7.1 65.7 5.5 2
6.0 53.6 6.3 77.0 5.4 2
4.9 37.9 2.4 80.9 8.4 3
7.6 81.1 7.4 4.8 2.6 1
5.0 64.4 7.1 24.3 6.4 2
3.2 33.0 3.2 81.7 8.6 3
8.5 87.0 8.2 7.5 1.8 1
8.3 71.6 8.7 17.4 2.0 1
9.8 70.8 9.2 11.3 2.1 1
8.8 70.8 9.3 17.0 2.7 1
7.6 89.0 7.6 14.9 2.4 1
6.3 73.0 8.7 11.0 1.7 1
1.6 14.3 1.9 80.7 7.8 3
6.2 54.5 5.9 59.4 6.4 2
